Step,Action,Reasoning,Observation,Reward,Done
0,look,"I will start by exploring the surroundings to gather information about the layout and the objects present in each room. Since I am currently in the Bedroom, I will move to the adjacent rooms (east and north) to see what they contain. I will examine objects and take note of any exits, doors, containers, or edible items. Once I have a better understanding of the environment, I will focus on finding the recipe, likely in a cookbook, which will guide me on what ingredients to gather and how to prepare the meal. I will then collect and process the required ingredients according to the recipe, using tools like the knife for chopping, slicing, or dicing, and cooking appliances like the BBQ, stove, or oven for cooking. Finally, I will prepare the meal in the Kitchen and eat it to complete the task.","-= Bedroom =-
Well, here we are in a bedroom. I guess you better just go and list everything you see here.

If you haven't noticed it already, there seems to be something there by the wall, it's a bed. The bed is large. But the thing is empty, unfortunately.

You don't like doors? Why not try going east, that entranceway is not blocked by one. You don't like doors? Why not try going north, that entranceway is not blocked by one.


>                                                                                                                                -= Bedroom =-0/2",0,False
1,go east,,"-= Livingroom =-
Wow! You're in a livingroom. You begin to take stock of what's here.

As if things weren't amazing enough already, you can even see a sofa. The sofa is comfy. The sofa appears to be empty.

There is a closed front door leading east. There is an exit to the south. Don't worry, there is no door. There is an exit to the west. Don't worry, there is no door.


>                                                                                                                                -= Livingroom =-0/3",0,False
2,go west,,"-= Bedroom =-
Well, here we are in a bedroom. I guess you better just go and list everything you see here.

If you haven't noticed it already, there seems to be something there by the wall, it's a bed. The bed is large. But the thing is empty, unfortunately.

You don't like doors? Why not try going east, that entranceway is not blocked by one. You don't like doors? Why not try going north, that entranceway is not blocked by one.


>                                                                                                                                -= Bedroom =-0/4",0,False
3,go north,,"-= Corridor =-
You find yourself in a corridor.



There is a closed patio door leading west. There is an exit to the east. Don't worry, there is no door. There is an exit to the south.


>                                                                                                                                -= Corridor =-0/5",0,False
4,go east,,"-= Bathroom =-
You're now in the bathroom.

Were you looking for a toilet? Because look over there, it's a toilet. The toilet is white. Unfortunately, there isn't a thing on it. You move on, clearly upset by TextWorld.

You don't like doors? Why not try going west, that entranceway is not blocked by one.


>                                                                                                                                -= Bathroom =-0/6",0,False
5,go west,,"-= Corridor =-
You find yourself in a corridor.



There is a closed patio door leading west. There is an exit to the east. Don't worry, there is no door. There is an exit to the south.


>                                                                                                                                -= Corridor =-0/7",0,False
6,go south,,"-= Bedroom =-
Well, here we are in a bedroom. I guess you better just go and list everything you see here.

If you haven't noticed it already, there seems to be something there by the wall, it's a bed. The bed is large. But the thing is empty, unfortunately.

You don't like doors? Why not try going east, that entranceway is not blocked by one. You don't like doors? Why not try going north, that entranceway is not blocked by one.


>                                                                                                                                -= Bedroom =-0/8",0,False
7,go east,,"-= Livingroom =-
Wow! You're in a livingroom. You begin to take stock of what's here.

As if things weren't amazing enough already, you can even see a sofa. The sofa is comfy. The sofa appears to be empty.

There is a closed front door leading east. There is an exit to the south. Don't worry, there is no door. There is an exit to the west. Don't worry, there is no door.


>                                                                                                                                -= Livingroom =-0/9",0,False
8,go south,"I will first explore all the rooms to gather information about the layout and the objects present in each room. I have already seen the Bedroom, Livingroom, Corridor, and Bathroom. I will check if there is a Kitchen, which is likely to contain a cookbook with the recipe, and other necessary items for cooking. Once I find the recipe, I will gather the required ingredients and process them according to the recipe. This may involve chopping, slicing, or dicing ingredients using a knife, and cooking them using the BBQ, stove, or oven. After processing the ingredients, I will prepare the meal in the Kitchen and then eat it to complete the task.","-= Kitchen =-
You've entered a kitchen.

You bend down to tie your shoe. When you stand up, you notice a fridge. The light flickers for a second, but nothing else happens. You scan the room for an oven, and you find an oven. You make out a table! You see a cookbook on the table. You scan the room for a counter, and you find a counter. The counter is vast. On the counter you can make out a knife. You see a stove. The stove is conventional. However, the stove, like an empty stove, has nothing on it. Oh! Why couldn't there just be stuff on it?

There is a closed frosted-glass door leading south. There is an exit to the north.


>                                                                                                                                -= Kitchen =-0/10",0,False
9,examine cookbook,,"You open the copy of ""Cooking: A Modern Approach (3rd Ed.)"" and start reading:

Recipe #1
---------
Gather all following ingredients and follow the directions to prepare this tasty meal.

Ingredients:
green hot pepper
  orange bell pepper
  tomato
  white tuna
  yellow apple

Directions:
slice the green hot pepper
  fry the green hot pepper
  dice the orange bell pepper
  grill the orange bell pepper
  chop the tomato
  fry the tomato
  slice the white tuna
  fry the white tuna
  dice the yellow apple
  fry the yellow apple
  prepare meal



>                                                                                                                                -= Kitchen =-0/11",0,False
10,take knife,,"You take the knife from the counter.


>                                                                                                                                -= Kitchen =-0/12",0,False
11,go north,,"-= Livingroom =-
Wow! You're in a livingroom. You begin to take stock of what's here.

As if things weren't amazing enough already, you can even see a sofa. The sofa is comfy. The sofa appears to be empty.

There is a closed front door leading east. There is an exit to the south. Don't worry, there is no door. There is an exit to the west. Don't worry, there is no door.


>                                                                                                                                -= Livingroom =-0/13",0,False
12,go west,,"-= Bedroom =-
Well, here we are in a bedroom. I guess you better just go and list everything you see here.

If you haven't noticed it already, there seems to be something there by the wall, it's a bed. The bed is large. But the thing is empty, unfortunately.

You don't like doors? Why not try going east, that entranceway is not blocked by one. You don't like doors? Why not try going north, that entranceway is not blocked by one.


>                                                                                                                                -= Bedroom =-0/14",0,False
13,go north,,"-= Corridor =-
You find yourself in a corridor.



There is a closed patio door leading west. There is an exit to the east. Don't worry, there is no door. There is an exit to the south.


>                                                                                                                                -= Corridor =-0/15",0,False
14,go east,,"-= Bathroom =-
You're now in the bathroom.

Were you looking for a toilet? Because look over there, it's a toilet. The toilet is white. Unfortunately, there isn't a thing on it. You move on, clearly upset by TextWorld.

You don't like doors? Why not try going west, that entranceway is not blocked by one.


>                                                                                                                                -= Bathroom =-0/16",0,False
15,go west,,"-= Corridor =-
You find yourself in a corridor.



There is a closed patio door leading west. There is an exit to the east. Don't worry, there is no door. There is an exit to the south.


>                                                                                                                                -= Corridor =-0/17",0,False
16,go south,"I will first explore the remaining areas of the house to find the necessary ingredients for the recipe, which includes a green hot pepper, orange bell pepper, tomato, white tuna, and yellow apple. I will then use the knife to slice, dice, or chop the ingredients as required by the recipe. After processing the ingredients, I will use the stove and grill in the kitchen to cook them according to the recipe. Finally, I will prepare the meal in the kitchen and eat it to complete the task. My next step is to find the ingredients, so I will go south to explore the remaining areas of the house.","-= Bedroom =-
Well, here we are in a bedroom. I guess you better just go and list everything you see here.

If you haven't noticed it already, there seems to be something there by the wall, it's a bed. The bed is large. But the thing is empty, unfortunately.

You don't like doors? Why not try going east, that entranceway is not blocked by one. You don't like doors? Why not try going north, that entranceway is not blocked by one.


>                                                                                                                                -= Bedroom =-0/18",0,False
17,go east,,"-= Livingroom =-
Wow! You're in a livingroom. You begin to take stock of what's here.

As if things weren't amazing enough already, you can even see a sofa. The sofa is comfy. The sofa appears to be empty.

There is a closed front door leading east. There is an exit to the south. Don't worry, there is no door. There is an exit to the west. Don't worry, there is no door.


>                                                                                                                                -= Livingroom =-0/19",0,False
18,go south,,"-= Kitchen =-
You've entered a kitchen.

You bend down to tie your shoe. When you stand up, you notice a fridge. The light flickers for a second, but nothing else happens. You scan the room for an oven, and you find an oven. You make out a table! You see a cookbook on the table. You scan the room for a counter, and you find a counter. The counter is vast. But there isn't a thing on it. Aw, here you were, all excited for there to be things on it! You see a stove. The stove is conventional. However, the stove, like an empty stove, has nothing on it. Oh! Why couldn't there just be stuff on it?

There is a closed frosted-glass door leading south. There is an exit to the north.


>                                                                                                                                -= Kitchen =-0/20",0,False
19,open fridge,,"You open the fridge.


>                                                                                                                                -= Kitchen =-0/21",0,False
20,look,,"-= Kitchen =-
You've entered a kitchen.

You bend down to tie your shoe. When you stand up, you notice a fridge. The light flickers for a second, but nothing else happens. Empty! What kind of nightmare TextWorld is this? You scan the room for an oven, and you find an oven. You make out a table! You see a cookbook on the table. You scan the room for a counter, and you find a counter. The counter is vast. But there isn't a thing on it. Aw, here you were, all excited for there to be things on it! You see a stove. The stove is conventional. However, the stove, like an empty stove, has nothing on it. Oh! Why couldn't there just be stuff on it?

There is a closed frosted-glass door leading south. There is an exit to the north.


>                                                                                                                                -= Kitchen =-0/22",0,False
21,open frosted-glass door,,"You open frosted-glass door.


>                                                                                                                                -= Kitchen =-0/23",0,False
22,go south,,"-= Pantry =-
You find yourself in a pantry. A normal kind of place.

You scan the room for a shelf, and you find a shelf. The shelf is wooden. But oh no! there's nothing on this piece of garbage. It would have been so cool if there was stuff on the shelf! oh well.

There is an open frosted-glass door leading north.


>                                                                                                                                -= Pantry =-0/24",0,False
23,go north,,"-= Kitchen =-
You've entered a kitchen.

You bend down to tie your shoe. When you stand up, you notice a fridge. The light flickers for a second, but nothing else happens. Empty! What kind of nightmare TextWorld is this? You scan the room for an oven, and you find an oven. You make out a table! You see a cookbook on the table. You scan the room for a counter, and you find a counter. The counter is vast. But there isn't a thing on it. Aw, here you were, all excited for there to be things on it! You see a stove. The stove is conventional. However, the stove, like an empty stove, has nothing on it. Oh! Why couldn't there just be stuff on it?

There is an open frosted-glass door leading south. There is an exit to the north.


>                                                                                                                                -= Kitchen =-0/25",0,False
24,go north,"To complete the task, I need to find the ingredients required for the recipe, which are a green hot pepper, orange bell pepper, tomato, white tuna, and yellow apple. Since I haven't found any ingredients yet, I'll need to explore the house more thoroughly. I've already explored the living room, bedroom, corridor, and bathroom, but I haven't found any ingredients. I'll need to check the fridge and pantry again, and also explore any other rooms that I haven't visited yet. Once I have all the ingredients, I'll need to process them according to the recipe (slice, dice, chop) using the knife, and then cook them using the stove and grill. Finally, I'll prepare the meal in the kitchen and eat it to complete the task. My next step is to explore the house again to find the ingredients.","-= Livingroom =-
Wow! You're in a livingroom. You begin to take stock of what's here.

As if things weren't amazing enough already, you can even see a sofa. The sofa is comfy. The sofa appears to be empty.

There is a closed front door leading east. There is an exit to the south. Don't worry, there is no door. There is an exit to the west. Don't worry, there is no door.


>                                                                                                                                -= Livingroom =-0/26",0,False
25,examine sofa,,"The sofa is an unstable piece of junk.


>                                                                                                                                -= Livingroom =-0/27",0,False
26,examine cookbook,,"You can't see any such thing.

>                                                                                                                                -= Livingroom =-0/27",0,False
27,go south,,"-= Kitchen =-
You've entered a kitchen.

You bend down to tie your shoe. When you stand up, you notice a fridge. The light flickers for a second, but nothing else happens. Empty! What kind of nightmare TextWorld is this? You scan the room for an oven, and you find an oven. You make out a table! You see a cookbook on the table. You scan the room for a counter, and you find a counter. The counter is vast. But there isn't a thing on it. Aw, here you were, all excited for there to be things on it! You see a stove. The stove is conventional. However, the stove, like an empty stove, has nothing on it. Oh! Why couldn't there just be stuff on it?

There is an open frosted-glass door leading south. There is an exit to the north.


>                                                                                                                                -= Kitchen =-0/28",0,False
28,examine cookbook,,"You open the copy of ""Cooking: A Modern Approach (3rd Ed.)"" and start reading:

Recipe #1
---------
Gather all following ingredients and follow the directions to prepare this tasty meal.

Ingredients:
green hot pepper
  orange bell pepper
  tomato
  white tuna
  yellow apple

Directions:
slice the green hot pepper
  fry the green hot pepper
  dice the orange bell pepper
  grill the orange bell pepper
  chop the tomato
  fry the tomato
  slice the white tuna
  fry the white tuna
  dice the yellow apple
  fry the yellow apple
  prepare meal



>                                                                                                                                -= Kitchen =-0/29",0,False
29,go north,,"-= Livingroom =-
Wow! You're in a livingroom. You begin to take stock of what's here.

As if things weren't amazing enough already, you can even see a sofa. The sofa is comfy. The sofa appears to be empty.

There is a closed front door leading east. There is an exit to the south. Don't worry, there is no door. There is an exit to the west. Don't worry, there is no door.


>                                                                                                                                -= Livingroom =-0/30",0,False
30,go west,,"-= Bedroom =-
Well, here we are in a bedroom. I guess you better just go and list everything you see here.

If you haven't noticed it already, there seems to be something there by the wall, it's a bed. The bed is large. But the thing is empty, unfortunately.

You don't like doors? Why not try going east, that entranceway is not blocked by one. You don't like doors? Why not try going north, that entranceway is not blocked by one.


>                                                                                                                                -= Bedroom =-0/31",0,False
31,go north,,"-= Corridor =-
You find yourself in a corridor.



There is a closed patio door leading west. There is an exit to the east. Don't worry, there is no door. There is an exit to the south.


>                                                                                                                                -= Corridor =-0/32",0,False
32,go east,"To complete the task, I need to find the ingredients required for the recipe, which are a green hot pepper, orange bell pepper, tomato, white tuna, and yellow apple. I will search the house thoroughly, checking all rooms, including the kitchen, pantry, living room, bedroom, and corridor. Once I have found all the ingredients, I will follow the directions in the recipe to prepare the meal. This involves slicing, dicing, chopping, grilling, and frying the ingredients using the appropriate tools, such as the knife and stove. Finally, I will prepare the meal in the kitchen and eat it to complete the task. My first step will be to search the corridor and adjacent rooms for any ingredients or useful items.","-= Bathroom =-
You're now in the bathroom.

Were you looking for a toilet? Because look over there, it's a toilet. The toilet is white. Unfortunately, there isn't a thing on it. You move on, clearly upset by TextWorld.

You don't like doors? Why not try going west, that entranceway is not blocked by one.


>                                                                                                                                -= Bathroom =-0/33",0,False
33,go west,,"-= Corridor =-
You find yourself in a corridor.



There is a closed patio door leading west. There is an exit to the east. Don't worry, there is no door. There is an exit to the south.


>                                                                                                                                -= Corridor =-0/34",0,False
34,go south,,"-= Bedroom =-
Well, here we are in a bedroom. I guess you better just go and list everything you see here.

If you haven't noticed it already, there seems to be something there by the wall, it's a bed. The bed is large. But the thing is empty, unfortunately.

You don't like doors? Why not try going east, that entranceway is not blocked by one. You don't like doors? Why not try going north, that entranceway is not blocked by one.


>                                                                                                                                -= Bedroom =-0/35",0,False
35,go east,,"-= Livingroom =-
Wow! You're in a livingroom. You begin to take stock of what's here.

As if things weren't amazing enough already, you can even see a sofa. The sofa is comfy. The sofa appears to be empty.

There is a closed front door leading east. There is an exit to the south. Don't worry, there is no door. There is an exit to the west. Don't worry, there is no door.


>                                                                                                                                -= Livingroom =-0/36",0,False
36,go south,,"-= Kitchen =-
You've entered a kitchen.

You bend down to tie your shoe. When you stand up, you notice a fridge. The light flickers for a second, but nothing else happens. Empty! What kind of nightmare TextWorld is this? You scan the room for an oven, and you find an oven. You make out a table! You see a cookbook on the table. You scan the room for a counter, and you find a counter. The counter is vast. But there isn't a thing on it. Aw, here you were, all excited for there to be things on it! You see a stove. The stove is conventional. However, the stove, like an empty stove, has nothing on it. Oh! Why couldn't there just be stuff on it?

There is an open frosted-glass door leading south. There is an exit to the north.


>                                                                                                                                -= Kitchen =-0/37",0,False
37,open fridge,,"That's already open.


>                                                                                                                                -= Kitchen =-0/38",0,False
38,go south,,"-= Pantry =-
You find yourself in a pantry. A normal kind of place.

You scan the room for a shelf, and you find a shelf. The shelf is wooden. But oh no! there's nothing on this piece of garbage. It would have been so cool if there was stuff on the shelf! oh well.

There is an open frosted-glass door leading north.


>                                                                                                                                -= Pantry =-0/39",0,False
39,go north,,"-= Kitchen =-
You've entered a kitchen.

You bend down to tie your shoe. When you stand up, you notice a fridge. The light flickers for a second, but nothing else happens. Empty! What kind of nightmare TextWorld is this? You scan the room for an oven, and you find an oven. You make out a table! You see a cookbook on the table. You scan the room for a counter, and you find a counter. The counter is vast. But there isn't a thing on it. Aw, here you were, all excited for there to be things on it! You see a stove. The stove is conventional. However, the stove, like an empty stove, has nothing on it. Oh! Why couldn't there just be stuff on it?

There is an open frosted-glass door leading south. There is an exit to the north.


>                                                                                                                                -= Kitchen =-0/40",0,False
40,go north,"To complete the task, I need to find the ingredients required for the recipe, which are a green hot pepper, orange bell pepper, tomato, white tuna, and yellow apple. Since I haven't found any ingredients yet, I will continue to search the house thoroughly. I will check all rooms, including the kitchen, pantry, living room, bedroom, corridor, and bathroom, to see if I missed any ingredients or useful items. Once I have found all the ingredients, I will follow the directions in the recipe to prepare the meal. This involves slicing, dicing, chopping, grilling, and frying the ingredients using the appropriate tools, such as the knife and stove. I will also need to find a knife to slice, dice, and chop the ingredients. After processing the ingredients, I will cook them according to the recipe and finally prepare the meal in the kitchen. My first step will be to search the kitchen and adjacent rooms again for any ingredients or useful items that I might have missed.","-= Livingroom =-
Wow! You're in a livingroom. You begin to take stock of what's here.

As if things weren't amazing enough already, you can even see a sofa. The sofa is comfy. The sofa appears to be empty.

There is a closed front door leading east. There is an exit to the south. Don't worry, there is no door. There is an exit to the west. Don't worry, there is no door.


>                                                                                                                                -= Livingroom =-0/41",0,False
41,go west,,"-= Bedroom =-
Well, here we are in a bedroom. I guess you better just go and list everything you see here.

If you haven't noticed it already, there seems to be something there by the wall, it's a bed. The bed is large. But the thing is empty, unfortunately.

You don't like doors? Why not try going east, that entranceway is not blocked by one. You don't like doors? Why not try going north, that entranceway is not blocked by one.


>                                                                                                                                -= Bedroom =-0/42",0,False
42,go north,,"-= Corridor =-
You find yourself in a corridor.



There is a closed patio door leading west. There is an exit to the east. Don't worry, there is no door. There is an exit to the south.


>                                                                                                                                -= Corridor =-0/43",0,False
43,open patio door,,"You open patio door.


>                                                                                                                                -= Corridor =-0/44",0,False
44,examine cookbook,,"You can't see any such thing.

>                                                                                                                                -= Corridor =-0/44",0,False
45,go east,,"-= Bathroom =-
You're now in the bathroom.

Were you looking for a toilet? Because look over there, it's a toilet. The toilet is white. Unfortunately, there isn't a thing on it. You move on, clearly upset by TextWorld.

You don't like doors? Why not try going west, that entranceway is not blocked by one.


>                                                                                                                                -= Bathroom =-0/45",0,False
46,go west,,"-= Corridor =-
You find yourself in a corridor.



There is an open patio door leading west. There is an exit to the east. Don't worry, there is no door. There is an exit to the south.


>                                                                                                                                -= Corridor =-0/46",0,False
47,go south,,"-= Bedroom =-
Well, here we are in a bedroom. I guess you better just go and list everything you see here.

If you haven't noticed it already, there seems to be something there by the wall, it's a bed. The bed is large. But the thing is empty, unfortunately.

You don't like doors? Why not try going east, that entranceway is not blocked by one. You don't like doors? Why not try going north, that entranceway is not blocked by one.


>                                                                                                                                -= Bedroom =-0/47",0,False
48,go east,"To complete the task, I need to find the recipe, gather the required ingredients, process them according to the recipe, cook the ingredients, and finally prepare and eat the meal. The recipe is likely in the cookbook, which I found in the kitchen. I should examine the cookbook to determine the required ingredients and their preparation methods. After identifying the ingredients, I will search the house to find them. Once I have all the ingredients, I will process them (e.g., slice, dice, chop) using the appropriate tools, such as a knife. Then, I will cook the ingredients using the suitable cooking tools (e.g., stove, oven, BBQ) according to the recipe. Finally, I will prepare the meal in the kitchen and eat it to complete the task. My first step will be to go to the kitchen and examine the cookbook to learn the recipe and the required ingredients.","-= Livingroom =-
Wow! You're in a livingroom. You begin to take stock of what's here.

As if things weren't amazing enough already, you can even see a sofa. The sofa is comfy. The sofa appears to be empty.

There is a closed front door leading east. There is an exit to the south. Don't worry, there is no door. There is an exit to the west. Don't worry, there is no door.


>                                                                                                                                -= Livingroom =-0/48",0,False
49,go south,,"-= Kitchen =-
You've entered a kitchen.

You bend down to tie your shoe. When you stand up, you notice a fridge. The light flickers for a second, but nothing else happens. Empty! What kind of nightmare TextWorld is this? You scan the room for an oven, and you find an oven. You make out a table! You see a cookbook on the table. You scan the room for a counter, and you find a counter. The counter is vast. But there isn't a thing on it. Aw, here you were, all excited for there to be things on it! You see a stove. The stove is conventional. However, the stove, like an empty stove, has nothing on it. Oh! Why couldn't there just be stuff on it?

There is an open frosted-glass door leading south. There is an exit to the north.


>                                                                                                                                -= Kitchen =-0/49",0,False
50,examine cookbook,,"You open the copy of ""Cooking: A Modern Approach (3rd Ed.)"" and start reading:

Recipe #1
---------
Gather all following ingredients and follow the directions to prepare this tasty meal.

Ingredients:
green hot pepper
  orange bell pepper
  tomato
  white tuna
  yellow apple

Directions:
slice the green hot pepper
  fry the green hot pepper
  dice the orange bell pepper
  grill the orange bell pepper
  chop the tomato
  fry the tomato
  slice the white tuna
  fry the white tuna
  dice the yellow apple
  fry the yellow apple
  prepare meal



>                                                                                                                                -= Kitchen =-0/50",0,False
51,go north,,"-= Livingroom =-
Wow! You're in a livingroom. You begin to take stock of what's here.

As if things weren't amazing enough already, you can even see a sofa. The sofa is comfy. The sofa appears to be empty.

There is a closed front door leading east. There is an exit to the south. Don't worry, there is no door. There is an exit to the west. Don't worry, there is no door.


>                                                                                                                                -= Livingroom =-0/51",0,False
52,go south,,"-= Kitchen =-
You've entered a kitchen.

You bend down to tie your shoe. When you stand up, you notice a fridge. The light flickers for a second, but nothing else happens. Empty! What kind of nightmare TextWorld is this? You scan the room for an oven, and you find an oven. You make out a table! You see a cookbook on the table. You scan the room for a counter, and you find a counter. The counter is vast. But there isn't a thing on it. Aw, here you were, all excited for there to be things on it! You see a stove. The stove is conventional. However, the stove, like an empty stove, has nothing on it. Oh! Why couldn't there just be stuff on it?

There is an open frosted-glass door leading south. There is an exit to the north.


>                                                                                                                                -= Kitchen =-0/52",0,False
53,go south,,"-= Pantry =-
You find yourself in a pantry. A normal kind of place.

You scan the room for a shelf, and you find a shelf. The shelf is wooden. But oh no! there's nothing on this piece of garbage. It would have been so cool if there was stuff on the shelf! oh well.

There is an open frosted-glass door leading north.


>                                                                                                                                -= Pantry =-0/53",0,False
54,go north,,"-= Kitchen =-
You've entered a kitchen.

You bend down to tie your shoe. When you stand up, you notice a fridge. The light flickers for a second, but nothing else happens. Empty! What kind of nightmare TextWorld is this? You scan the room for an oven, and you find an oven. You make out a table! You see a cookbook on the table. You scan the room for a counter, and you find a counter. The counter is vast. But there isn't a thing on it. Aw, here you were, all excited for there to be things on it! You see a stove. The stove is conventional. However, the stove, like an empty stove, has nothing on it. Oh! Why couldn't there just be stuff on it?

There is an open frosted-glass door leading south. There is an exit to the north.


>                                                                                                                                -= Kitchen =-0/54",0,False
55,open fridge,,"That's already open.


>                                                                                                                                -= Kitchen =-0/55",0,False
56,look,"To complete the task, I will first search the house for the required ingredients: green hot pepper, orange bell pepper, tomato, white tuna, and yellow apple. I will check all rooms, including the pantry, kitchen, and other areas. Once I have found all the ingredients, I will bring them back to the kitchen and process them according to the recipe: slice the green hot pepper, dice the orange bell pepper, chop the tomato, slice the white tuna, and dice the yellow apple. Then, I will cook the ingredients using the suitable cooking tools: fry the green hot pepper, grill the orange bell pepper, fry the tomato, fry the white tuna, and fry the yellow apple. Finally, I will prepare the meal in the kitchen and eat it to complete the task. My first step will be to thoroughly search the kitchen and adjacent rooms for any ingredients or clues.","-= Kitchen =-
You've entered a kitchen.

You bend down to tie your shoe. When you stand up, you notice a fridge. The light flickers for a second, but nothing else happens. Empty! What kind of nightmare TextWorld is this? You scan the room for an oven, and you find an oven. You make out a table! You see a cookbook on the table. You scan the room for a counter, and you find a counter. The counter is vast. But there isn't a thing on it. Aw, here you were, all excited for there to be things on it! You see a stove. The stove is conventional. However, the stove, like an empty stove, has nothing on it. Oh! Why couldn't there just be stuff on it?

There is an open frosted-glass door leading south. There is an exit to the north.


>                                                                                                                                -= Kitchen =-0/56",0,False
57,examine fridge,,"The fridge looks durable. It is open.


>                                                                                                                                -= Kitchen =-0/57",0,False
58,go north,,"-= Livingroom =-
Wow! You're in a livingroom. You begin to take stock of what's here.

As if things weren't amazing enough already, you can even see a sofa. The sofa is comfy. The sofa appears to be empty.

There is a closed front door leading east. There is an exit to the south. Don't worry, there is no door. There is an exit to the west. Don't worry, there is no door.


>                                                                                                                                -= Livingroom =-0/58",0,False
59,open front door,,"You open front door.


>                                                                                                                                -= Livingroom =-0/59",0,False
60,go east,,"-= Driveway =-
You find yourself in a driveway. A typical kind of place.



There is an open front door leading west. There is an exit to the south. Don't worry, there is no door.


>                                                                                                                                -= Driveway =-0/60",0,False
61,go south,,"-= Street =-
You find yourself in a street. An usual kind of place. The room is well lit.



There is a closed commercial glass door leading south. You don't like doors? Why not try going north, that entranceway is not blocked by one.


>                                                                                                                                -= Street =-0/61",0,False
62,go north,,"-= Driveway =-
You find yourself in a driveway. A typical kind of place.



There is an open front door leading west. There is an exit to the south. Don't worry, there is no door.


>                                                                                                                                -= Driveway =-0/62",0,False
63,go west,,"-= Livingroom =-
Wow! You're in a livingroom. You begin to take stock of what's here.

As if things weren't amazing enough already, you can even see a sofa. The sofa is comfy. The sofa appears to be empty.

There is an open front door leading east. There is an exit to the south. Don't worry, there is no door. There is an exit to the west. Don't worry, there is no door.


>                                                                                                                                -= Livingroom =-0/63",0,False
64,go west,"To complete the task, I will first search the house and surrounding areas for the required ingredients: green hot pepper, orange bell pepper, tomato, white tuna, and yellow apple. Since I haven't found any ingredients yet, I will continue searching the rooms I haven't thoroughly examined. Once I have found all the ingredients, I will bring them back to the kitchen and process them according to the recipe: slice the green hot pepper, dice the orange bell pepper, chop the tomato, slice the white tuna, and dice the yellow apple. Then, I will cook the ingredients using the suitable cooking tools: fry the green hot pepper, grill the orange bell pepper, fry the tomato, fry the white tuna, and fry the yellow apple. Finally, I will prepare the meal in the kitchen and eat it to complete the task. My next step will be to go west to explore the unexplored part of the house.","-= Bedroom =-
Well, here we are in a bedroom. I guess you better just go and list everything you see here.

If you haven't noticed it already, there seems to be something there by the wall, it's a bed. The bed is large. But the thing is empty, unfortunately.

You don't like doors? Why not try going east, that entranceway is not blocked by one. You don't like doors? Why not try going north, that entranceway is not blocked by one.


>                                                                                                                                -= Bedroom =-0/64",0,False
65,go east,,"-= Livingroom =-
Wow! You're in a livingroom. You begin to take stock of what's here.

As if things weren't amazing enough already, you can even see a sofa. The sofa is comfy. The sofa appears to be empty.

There is an open front door leading east. There is an exit to the south. Don't worry, there is no door. There is an exit to the west. Don't worry, there is no door.


>                                                                                                                                -= Livingroom =-0/65",0,False
66,go south,,"-= Kitchen =-
You've entered a kitchen.

You bend down to tie your shoe. When you stand up, you notice a fridge. The light flickers for a second, but nothing else happens. Empty! What kind of nightmare TextWorld is this? You scan the room for an oven, and you find an oven. You make out a table! You see a cookbook on the table. You scan the room for a counter, and you find a counter. The counter is vast. But there isn't a thing on it. Aw, here you were, all excited for there to be things on it! You see a stove. The stove is conventional. However, the stove, like an empty stove, has nothing on it. Oh! Why couldn't there just be stuff on it?

There is an open frosted-glass door leading south. There is an exit to the north.


>                                                                                                                                -= Kitchen =-0/66",0,False
67,examine cookbook,,"You open the copy of ""Cooking: A Modern Approach (3rd Ed.)"" and start reading:

Recipe #1
---------
Gather all following ingredients and follow the directions to prepare this tasty meal.

Ingredients:
green hot pepper
  orange bell pepper
  tomato
  white tuna
  yellow apple

Directions:
slice the green hot pepper
  fry the green hot pepper
  dice the orange bell pepper
  grill the orange bell pepper
  chop the tomato
  fry the tomato
  slice the white tuna
  fry the white tuna
  dice the yellow apple
  fry the yellow apple
  prepare meal



>                                                                                                                                -= Kitchen =-0/67",0,False
68,go south,,"-= Pantry =-
You find yourself in a pantry. A normal kind of place.

You scan the room for a shelf, and you find a shelf. The shelf is wooden. But oh no! there's nothing on this piece of garbage. It would have been so cool if there was stuff on the shelf! oh well.

There is an open frosted-glass door leading north.


>                                                                                                                                -= Pantry =-0/68",0,False
69,go north,,"-= Kitchen =-
You've entered a kitchen.

You bend down to tie your shoe. When you stand up, you notice a fridge. The light flickers for a second, but nothing else happens. Empty! What kind of nightmare TextWorld is this? You scan the room for an oven, and you find an oven. You make out a table! You see a cookbook on the table. You scan the room for a counter, and you find a counter. The counter is vast. But there isn't a thing on it. Aw, here you were, all excited for there to be things on it! You see a stove. The stove is conventional. However, the stove, like an empty stove, has nothing on it. Oh! Why couldn't there just be stuff on it?

There is an open frosted-glass door leading south. There is an exit to the north.


>                                                                                                                                -= Kitchen =-0/69",0,False
70,go north,,"-= Livingroom =-
Wow! You're in a livingroom. You begin to take stock of what's here.

As if things weren't amazing enough already, you can even see a sofa. The sofa is comfy. The sofa appears to be empty.

There is an open front door leading east. There is an exit to the south. Don't worry, there is no door. There is an exit to the west. Don't worry, there is no door.


>                                                                                                                                -= Livingroom =-0/70",0,False
71,go west,,"-= Bedroom =-
Well, here we are in a bedroom. I guess you better just go and list everything you see here.

If you haven't noticed it already, there seems to be something there by the wall, it's a bed. The bed is large. But the thing is empty, unfortunately.

You don't like doors? Why not try going east, that entranceway is not blocked by one. You don't like doors? Why not try going north, that entranceway is not blocked by one.


>                                                                                                                                -= Bedroom =-0/71",0,False
72,examine fridge,"To complete the task, I need to find the required ingredients: green hot pepper, orange bell pepper, tomato, white tuna, and yellow apple. Since I haven't found any ingredients yet, I will continue searching the rooms I haven't thoroughly examined. I will check the fridge, oven, stove, and other possible locations where ingredients might be stored. Once I have found all the ingredients, I will bring them back to the kitchen and process them according to the recipe: slice the green hot pepper, dice the orange bell pepper, chop the tomato, slice the white tuna, and dice the yellow apple. Then, I will cook the ingredients using the suitable cooking tools: fry the green hot pepper, grill the orange bell pepper, fry the tomato, fry the white tuna, and fry the yellow apple. Finally, I will prepare the meal in the kitchen and eat it to complete the task. My next step will be to examine the fridge more closely to see if it contains any ingredients.","You can't see any such thing.

>                                                                                                                                -= Bedroom =-0/71",0,False
73,go east,,"-= Livingroom =-
Wow! You're in a livingroom. You begin to take stock of what's here.

As if things weren't amazing enough already, you can even see a sofa. The sofa is comfy. The sofa appears to be empty.

There is an open front door leading east. There is an exit to the south. Don't worry, there is no door. There is an exit to the west. Don't worry, there is no door.


>                                                                                                                                -= Livingroom =-0/72",0,False
74,go south,,"-= Kitchen =-
You've entered a kitchen.

You bend down to tie your shoe. When you stand up, you notice a fridge. The light flickers for a second, but nothing else happens. Empty! What kind of nightmare TextWorld is this? You scan the room for an oven, and you find an oven. You make out a table! You see a cookbook on the table. You scan the room for a counter, and you find a counter. The counter is vast. But there isn't a thing on it. Aw, here you were, all excited for there to be things on it! You see a stove. The stove is conventional. However, the stove, like an empty stove, has nothing on it. Oh! Why couldn't there just be stuff on it?

There is an open frosted-glass door leading south. There is an exit to the north.


>                                                                                                                                -= Kitchen =-0/73",0,False
75,open fridge,,"That's already open.


>                                                                                                                                -= Kitchen =-0/74",0,False
76,go north,,"-= Livingroom =-
Wow! You're in a livingroom. You begin to take stock of what's here.

As if things weren't amazing enough already, you can even see a sofa. The sofa is comfy. The sofa appears to be empty.

There is an open front door leading east. There is an exit to the south. Don't worry, there is no door. There is an exit to the west. Don't worry, there is no door.


>                                                                                                                                -= Livingroom =-0/75",0,False
77,look,,"-= Livingroom =-
Wow! You're in a livingroom. You begin to take stock of what's here.

As if things weren't amazing enough already, you can even see a sofa. The sofa is comfy. The sofa appears to be empty.

There is an open front door leading east. There is an exit to the south. Don't worry, there is no door. There is an exit to the west. Don't worry, there is no door.


>                                                                                                                                -= Livingroom =-0/76",0,False
78,go east,,"-= Driveway =-
You find yourself in a driveway. A typical kind of place.



There is an open front door leading west. There is an exit to the south. Don't worry, there is no door.


>                                                                                                                                -= Driveway =-0/77",0,False
79,go south,,"-= Street =-
You find yourself in a street. An usual kind of place. The room is well lit.



There is a closed commercial glass door leading south. You don't like doors? Why not try going north, that entranceway is not blocked by one.


>                                                                                                                                -= Street =-0/78",0,True
